week;tot_pop;natural_deaths;rabies_death;average_age;nb_occupied_cells;age_0;age_1;age_2;age_3;age_4;age_5;tot_infected;tot_contagious
0;29816;370;0;72.65754927163667;4543;13957;7605;4403;2675;1176;0;1;0
1;30101;369;0;72.02750704655823;4535;14140;7659;4414;2695;1193;0;1;0
2;30208;415;0;71.42797951896517;4522;14166;7704;4434;2705;1199;0;1;0
3;30321;392;0;71.28977730077811;4525;14211;7739;4435;2708;1228;0;0;1
4;30249;435;0;71.08231278859667;4508;14141;7756;4436;2681;1235;0;2;0
5;29834;415;0;71.323087752229;4494;13902;7674;4409;2645;1204;0;2;0
6;29727;384;0;72.33864176570458;4490;13831;7659;4400;2645;1192;0;2;0
7;31427;356;0;72.60879779374213;4481;15610;7599;4428;2606;1184;0;0;2
8;31014;425;0;68.9563253983614;4474;15244;7577;4411;2611;1171;0;4;0
9;31038;404;0;69.95102907546553;4467;15340;7545;4401;2593;1159;0;4;0
10;30999;454;0;70.0551268637196;4468;15392;7496;4383;2592;1136;0;4;0
11;31078;388;0;70.15220018947437;4474;15536;7459;4381;2586;1116;0;0;4
12;31036;425;3;70.1626427406199;4494;15577;7418;4359;2582;1100;0;10;0
13;31043;442;0;70.41262992743675;4510;15673;7367;4338;2571;1094;0;10;0
14;31022;433;0;70.4922574322117;4517;15695;7337;4337;2561;1092;0;9;1
15;31108;387;0;70.558315652032;4529;15791;7332;4330;2558;1097;0;4;9
16;31158;470;5;70.63575229327849;4541;15824;7315;4353;2562;1104;0;28;0
17;31220;414;0;70.47098620869113;4537;15842;7328;4359;2589;1102;0;27;1
18;31296;378;0;70.39819077880811;4532;15846;7357;4360;2613;1120;0;27;3
19;31253;429;2;70.32029807225013;4528;15821;7317;4383;2623;1109;0;10;24
20;31132;425;11;70.50858292500892;4522;15611;7377;4379;2643;1122;0;63;2
21;30887;405;1;70.794669009959;4520;15306;7407;4398;2656;1120;0;62;3
22;30696;401;1;71.4198130227981;4519;15095;7425;4380;2686;1110;0;56;9
23;30375;431;4;71.93278477247942;4515;14838;7375;4372;2690;1100;0;16;50
24;30091;424;27;72.67768346477743;4507;14653;7314;4365;2658;1101;0;107;3
25;29906;419;1;73.32479525462573;4497;14559;7258;4361;2639;1089;0;103;5
26;29805;424;2;73.7893487109905;4522;14530;7238;4350;2619;1068;0;96;13
27;29950;366;9;73.98063200815494;4535;14773;7177;4347;2600;1053;0;26;84
28;30108;454;44;73.78799402417494;4541;15074;7084;4345;2568;1037;0;130;7
29;30442;433;5;73.23889450623525;4553;15491;7018;4337;2578;1018;0;127;8
30;30820;431;4;72.36518145765987;4560;15889;7029;4333;2554;1015;0;109;24
31;31282;440;12;71.38349578503689;4569;16353;7026;4338;2540;1025;0;46;94
32;31632;430;47;70.23204025320565;4579;16653;7058;4316;2570;1035;0;153;10
33;31944;448;9;69.41802726543705;4577;16829;7116;4364;2571;1064;0;152;9
34;32052;457;4;68.7732744655846;4570;16782;7204;4399;2590;1077;0;118;41
35;32131;443;18;68.47583172422526;4564;16758;7244;4421;2611;1097;0;67;99
36;32029;454;41;68.24699709192059;4563;16599;7278;4432;2622;1098;0;174;11
37;31884;451;2;68.47235241955916;4556;16392;7311;4437;2636;1108;0;162;17
38;31576;485;10;68.8141068527191;4549;16082;7363;4407;2627;1097;0;129;51
39;31260;405;32;69.34689617521437;4545;15811;7351;4404;2613;1081;0;83;103
40;30932;391;50;70.04468022972841;4536;15560;7329;4387;2601;1055;0;194;12
41;30636;424;4;70.83690663519539;4535;15373;7277;4369;2575;1042;0;181;17
42;30366;450;6;71.51964877402253;4527;15209;7248;4342;2557;1010;0;133;61
43;30236;401;25;72.10701402805611;4522;15197;7202;4313;2532;992;0;70;111
44;30228;390;61;72.40453248279336;4570;15307;7119;4311;2516;975;0;190;11
45;30404;388;6;72.40584567942616;4587;15535;7082;4306;2504;977;0;185;15
46;30820;416;6;72.06437195650724;4590;15912;7127;4290;2514;977;0;142;51
47;31225;438;20;71.14952901653382;4586;16233;7181;4310;2509;992;0;87;119
48;31662;439;49;70.19793733936298;4583;16547;7253;4332;2514;1016;0;206;13
49;32059;407;10;69.20147223555769;4586;16796;7293;4344;2586;1040;0;209;12
50;32449;396;1;68.4567304655423;4591;16979;7385;4387;2633;1065;0;144;71
51;32594;434;37;67.75279879917443;4582;16994;7461;4405;2646;1088;0;116;119
52;32584;455;69;67.38949173682569;4576;16918;7527;4396;2647;1096;0;244;17
53;32570;455;9;67.32991905354919;4569;16762;7636;4406;2653;1113;0;244;18
54;32455;464;6;67.41514018691589;4570;16602;7643;4420;2669;1121;0;183;91
55;32247;418;50;67.59839934973583;4554;16336;7700;4421;2669;1121;0;146;128
56;31921;473;64;67.96650898770105;4543;16096;7648;4416;2661;1100;0;274;28
57;31683;443;15;68.56529892254395;4536;16059;7554;4375;2631;1064;0;269;35
58;31456;455;15;69.11943741389805;4532;15906;7501;4376;2621;1052;0;203;97
59;31300;440;44;69.5432971716389;4521;15090;8229;4339;2619;1023;0;168;141
60;31153;506;68;69.94086441450237;4507;15189;8034;4321;2595;1014;0;283;33
61;31314;434;19;69.98758957654724;4501;15362;8077;4306;2569;1000;0;282;39
62;31604;452;16;69.66932503404007;4499;15668;8111;4279;2569;977;0;236;102
63;31876;454;49;69.08453104401788;4510;15980;8118;4255;2560;963;0;203;145
64;32268;420;67;68.44579311223677;4528;16420;8121;4241;2532;954;0;311;41
65;32644;507;25;67.74146080161331;4547;16778;8190;4213;2519;944;0;291;55
66;33011;448;29;66.85867503963689;4569;17152;8230;4195;2509;925;0;240;116
67;33177;484;64;66.21353540954317;4583;17342;8221;4188;2501;925;0;227;139
68;33059;539;65;65.93565222730483;4592;17242;8200;4172;2517;928;0;295;38
69;32988;462;18;66.05264127198502;4583;17160;8191;4174;2527;936;0;256;73
70;32747;449;35;66.19056116170317;4576;16910;8208;4153;2520;956;0;218;124
71;32362;498;50;66.76924749215814;4565;16598;8145;4124;2529;966;0;279;93
72;31935;492;55;67.4104353292472;4554;16256;8045;4148;2518;968;0;333;46
73;31560;455;26;68.17479493864056;4548;16030;7871;4157;2528;974;0;289;90
74;31208;390;54;68.84760251960407;4539;15795;7769;4153;2516;975;0;256;142
75;30809;453;60;69.667535429223;4535;15572;7633;4120;2508;976;0;315;103
76;30522;383;52;70.37864621057483;4527;15430;7534;4097;2491;970;0;338;58
77;30314;428;27;71.10366847374198;4521;15307;7509;4069;2468;961;0;281;104
78;30328;411;51;71.53045022109072;4563;15384;7502;4039;2465;938;0;232;158
79;30533;385;80;71.41720523725012;4588;15546;7608;3995;2459;925;0;344;74
80;30900;416;36;70.95927661979323;4607;15819;7763;3947;2471;900;0;373;55
81;31351;383;29;70.1088297034899;4607;16074;7992;3914;2477;894;0;323;114
82;31782;453;57;69.17181673745988;4606;16363;8147;3935;2465;872;0;266;179
83;32095;461;95;68.09508102222507;4602;16535;8298;3936;2466;860;0;363;94
84;32403;484;44;67.2522254252859;4599;16675;8453;3949;2455;871;0;388;62
85;32636;486;28;66.61077487534887;4596;16766;8518;3979;2482;891;0;334;120
86;32691;425;62;65.99290802202246;4584;16806;8473;4016;2499;897;0;293;180
87;32517;475;85;65.93106345896486;4573;16653;8400;4037;2496;931;0;389;85
88;32337;459;43;66.23270342027175;4567;16503;8323;4053;2503;955;0;394;81
89;32060;467;44;66.6010180355684;4561;16339;8195;4061;2504;961;0;342;140
90;31779;407;73;67.07951234958834;4554;16217;8058;4064;2479;961;0;323;171
91;31378;468;91;67.65307495195387;4546;16027;7897;4042;2469;943;0;436;83
92;30972;484;40;68.34724833084852;4535;15822;7750;4027;2447;926;0;414;101
93;30655;419;50;69.07730387175032;4526;15651;7664;4016;2423;901;0;373;154
94;30418;432;71;69.82113955956487;4516;15561;7559;4006;2401;891;0;336;184
95;30256;409;81;70.2142141138733;4507;15503;7540;3971;2371;871;0;419;83
96;30246;438;36;70.48112954133369;4564;15499;7591;3939;2362;855;0;382;118
97;30444;430;57;70.38096038173326;4580;15656;7688;3917;2336;847;0;344;137
98;30838;414;73;69.8541242447508;4580;15869;7861;3919;2329;860;0;326;166
99;31206;466;85;68.9335358404596;4580;16118;7963;3919;2345;861;0;420;82
100;31482;498;37;68.00625998500212;4582;16203;8078;3973;2356;872;0;381;109
101;31766;465;56;67.16947127030781;4583;16391;8150;3972;2356;897;0;363;140
102;31967;465;68;66.4962059360292;4577;16494;8178;3994;2375;926;0;341;173
103;32001;516;91;65.9048150510204;4568;16546;8152;4000;2361;942;0;440;79
104;32028;457;37;65.58936109435999;4561;16558;8119;4025;2365;961;0;417;120
105;31961;431;61;65.51087645865043;4554;16523;8045;4054;2359;980;0;424;150
106;31700;487;72;65.61964206101523;4548;16366;7929;4061;2365;979;0;401;170
107;31336;485;84;66.10336963155697;4543;16126;7786;4074;2368;982;0;474;107
108;31021;429;60;66.75689694297662;4528;15930;7692;4039;2373;987;0;405;152
109;30684;456;72;67.47335454038632;4524;15718;7676;3996;2335;959;0;414;146
110;30370;467;66;68.10735962322974;4514;15528;7607;3964;2317;954;0;422;174
111;30141;415;101;68.64969518322503;4505;15396;7224;4275;2290;956;0;512;93
112;30111;418;48;69.07939342881212;4491;15392;7288;4200;2291;940;0;460;157
113;30227;404;75;68.99824514038878;4482;15479;7345;4222;2263;918;0;450;182
114;30408;417;85;68.64561816652649;4482;15597;7431;4228;2241;911;0;486;183
115;30651;433;91;68.18270646499799;4495;15738;7554;4233;2224;902;0;582;113
116;30968;454;58;67.57194996516142;4499;15899;7728;4253;2205;883;0;541;175
117;31264;465;79;66.80768472258742;4522;16037;7900;4284;2182;861;0;508;216
118;31456;475;107;66.11677856723811;4547;16124;8019;4293;2171;849;0;557;199
119;31557;489;89;65.55648034199106;4543;16156;8098;4306;2160;837;0;616;153
120;31536;462;75;65.26247582205029;4558;16159;8069;4291;2170;847;0;605;180
121;31302;492;86;65.2753084824601;4538;15997;8017;4271;2167;850;0;544;238
122;31002;474;121;65.60693001595727;4525;15856;7879;4252;2152;863;0;654;199
123;30613;475;108;66.02860054571156;4509;15657;7745;4203;2140;868;0;668;180
124;30166;492;82;66.61053963181197;4498;15418;7597;4131;2161;859;0;677;191
125;29719;443;96;67.31086508927667;4485;15179;7471;4039;2165;865;0;588;297
126;29223;434;141;68.08770244304145;4466;14921;7308;3976;2158;860;0;679;198
127;28854;402;91;68.90309780717021;4452;14751;7189;3910;2147;857;0;638;203
128;28519;424;112;69.68631259269722;4439;14599;7087;3861;2130;842;0;595;209
129;28349;398;98;70.2076508582236;4430;14544;7039;3835;2102;829;0;534;268
130;28259;364;122;70.39425043965115;4497;14468;7072;3822;2084;813;0;605;169
131;28440;372;85;70.47442630026617;4515;14600;7084;3885;2071;800;0;578;175
132;28746;368;85;69.83760317290171;4537;14803;7184;3947;2022;790;0;529;206
133;29033;399;110;69.02776498919857;4543;14984;7238;4025;1992;794;0;473;234
134;29309;398;127;68.18854356671811;4545;15119;7334;4081;1987;788;0;557;152
135;29597;422;75;67.3491947799528;4544;15279;7402;4143;1983;790;0;549;155
136;29873;417;83;66.5876207169124;4546;15393;7512;4191;1982;795;0;502;177
137;30010;474;85;65.78754178890632;4532;15484;7527;4201;1998;800;0;406;242
138;29934;423;123;65.1851411892479;4521;15462;7490;4147;2027;808;0;525;142
139;29795;473;63;65.241274916661;4511;15378;7442;4105;2047;823;0;549;121
140;29509;490;50;65.46942403008033;4501;15199;7362;4058;2054;836;0;505;148
141;29170;457;78;65.93563194588252;4485;14996;7289;3987;2061;837;0;425;252
142;28730;456;113;66.50760462920877;4468;14740;7194;3914;2062;820;0;568;144
143;28379;405;73;67.24504459861248;4458;14527;7152;3835;2051;814;0;600;118
144;28046;408;50;67.98742881701945;4448;14346;7081;3783;2038;798;0;567;176
145;27754;354;81;68.58998225344972;4435;14207;7021;3732;2013;781;0;476;273
146;27387;431;127;69.29224886012649;4427;13999;6940;3695;1990;763;0;632;157
147;27221;424;83;69.91536458333333;4417;13939;6876;3695;1969;742;0;639;152
148;27225;365;77;70.1021322678218;4497;13946;6884;3712;1945;738;0;624;183
149;27402;340;87;69.96193745801925;4528;14005;7000;3731;1937;729;0;529;302
150;27554;383;144;69.32967441860465;4524;14096;7009;3807;1923;719;0;660;168
151;27720;467;91;68.69036153504223;4511;14097;7122;3866;1911;724;0;604;178
152;28139;415;91;67.89575218637466;4507;14419;7140;3910;1940;730;0;582;206
153;28299;460;105;66.59857111771959;4501;14531;7186;3913;1930;739;0;511;278
154;28350;469;139;65.90462605178578;4500;14605;7139;3911;1942;753;0;628;129
155;28404;445;72;65.4500413178601;4490;14623;7168;3895;1963;755;0;534;196
156;28321;428;94;65.0270784018363;4473;14597;7129;3866;1977;752;0;542;188
157;28034;495;104;65.062874251497;4455;14410;7064;3831;1978;751;0;512;247
158;27659;452;130;65.37283258050415;4432;14188;6974;3772;1963;762;0;643;119
159;27397;387;66;65.89072263471293;4418;14050;6904;3713;1964;766;0;563;187
160;27075;384;90;66.47086134531813;4412;13872;6818;3677;1942;766;0;553;217
161;26707;420;111;67.17943791440626;4395;13665;6740;3646;1912;744;0;547;234
162;26401;370;120;67.78029522828699;4379;13511;6656;3603;1889;742;0;711;125
163;26197;434;63;68.42699969116738;4372;13400;6601;3414;2049;733;0;609;210
164;26080;384;97;68.74373930626847;4359;13338;6578;3438;1992;734;0;595;224
165;26101;377;110;68.92349470558356;4349;13342;6590;3429;2014;726;0;510;266
166;26188;404;129;68.63391739674593;4341;13402;6632;3429;2010;715;0;652;137
167;26447;372;67;68.11666472484369;4355;13568;6658;3491;2027;703;0;570;191
168;26694;382;93;67.38595410442015;4382;13692;6727;3559;2023;693;0;543;196
169;26937;391;92;66.62965930334592;4428;13841;6776;3611;2030;679;0;431;260
170;27031;382;138;65.84703032138395;4459;13874;6795;3663;2035;664;0;597;118
171;27085;431;54;65.48282227077526;4467;13850;6825;3703;2046;661;0;530;182
172;27021;400;90;65.2012784357962;4475;13826;6808;3692;2027;668;0;581;160
173;26795;457;88;65.22174799818704;4462;13707;6744;3685;1996;663;0;460;263
174;26441;414;118;65.34322050032365;4438;13499;6696;3620;1975;651;0;606;131
175;26117;438;77;65.97234436473039;4425;13313;6650;3569;1944;641;0;538;206
176;25746;352;98;66.46900689601433;4408;13117;6562;3496;1915;656;0;620;142
177;25365;401;73;67.27805476416587;4393;12914;6460;3463;1879;649;0;483;259
178;24932;374;124;68.12964973659871;4372;12664;6360;3407;1843;658;0;570;151
179;24562;377;78;69.0798300445316;4365;12434;6296;3361;1813;658;0;488;220
180;24281;323;109;69.86307501036055;4354;12285;6227;3331;1789;649;0;572;134
181;24158;308;68;70.47981593808827;4338;12225;6201;3310;1778;644;0;481;224
182;24037;332;107;70.7765504447911;4423;12170;6138;3322;1773;634;0;544;150
183;24130;302;83;70.85320480297649;4472;12224;6147;3334;1808;617;0;465;210
184;24293;340;108;70.48551642597754;4490;12267;6246;3359;1823;598;0;539;141
185;24506;383;65;69.78582512057035;4504;12387;6294;3377;1864;584;0;449;211
186;24717;378;100;68.96766272681872;4514;12502;6327;3424;1882;582;0;514;130
187;25034;351;65;68.14822435290729;4518;12704;6381;3439;1925;585;0;429;205
188;25186;379;108;67.15460137695034;4522;12756;6453;3450;1945;582;0;459;141
189;25299;386;69;66.53475395252921;4508;12801;6484;3457;1966;591;0;404;179
190;25247;379;88;65.94825225515464;4492;12800;6451;3451;1939;606;0;450;118
191;25146;392;64;65.91831713121698;4484;12737;6436;3430;1911;632;0;379;163
192;24957;378;79;66.01393333063308;4471;12664;6370;3389;1900;634;0;419;137
193;24624;406;78;66.33077268826871;4456;12502;6250;3370;1868;634;0;430;164
194;24326;341;79;66.93125103288713;4444;12336;6185;3335;1837;633;0;517;99
195;24034;360;48;67.62279454803914;4432;12201;6096;3320;1789;628;0;459;172
196;23667;334;98;68.34336073214135;4416;11971;6048;3275;1752;621;0;448;172
197;23435;273;84;69.3119691119691;4408;11837;5978;3263;1736;621;0;460;185
198;23216;298;81;69.90314885496183;4395;11733;5905;3251;1724;603;0;491;119
199;23063;340;66;70.44467338886453;4376;11615;5927;3221;1717;583;0;428;157
200;23064;334;65;70.69043416872573;4466;11626;5927;3208;1737;566;0;386;192
201;23153;337;92;70.59165009940358;4482;11700;5908;3219;1764;562;0;408;148
202;23284;325;75;70.01916230826704;4473;11763;5917;3234;1811;559;0;426;109
203;23604;315;54;69.49797076150993;4465;11976;5929;3287;1837;575;0;377;143
204;23935;308;70;68.40334108326876;4463;12184;6018;3283;1848;602;0;370;157
205;24144;384;68;67.50142656389728;4451;12329;6040;3321;1842;612;0;396;127
206;24256;391;55;66.71795088193096;4457;12347;6126;3308;1854;621;0;406;99
207;24198;371;50;66.23180197189008;4448;12254;6145;3323;1845;631;0;342;143
208;24156;358;70;66.25565839293226;4439;12239;6127;3312;1830;648;0;328;163
209;24046;334;78;66.36371293800539;4441;12178;6093;3291;1829;655;0;401;105
210;23862;328;53;66.52250158461864;4430;12077;6038;3289;1803;655;0;397;95
211;23668;314;53;66.95969355181954;4409;11971;5987;3286;1772;652;0;350;141
212;23441;323;72;67.50882997464873;4411;11863;5916;3263;1761;638;0;319;171
213;23162;328;92;68.07236870683289;4394;11710;5849;3230;1759;614;0;431;92
214;22958;323;44;68.68405352050888;4371;11599;5812;3196;1752;599;0;438;100
215;22836;302;51;69.21703163017031;4355;11531;5786;3181;1689;649;0;419;132
216;22796;279;48;69.49322493224932;4335;11512;5772;3180;1701;631;0;384;200
217;22800;305;90;69.68242489174591;4321;11512;5750;3199;1705;634;0;455;118
218;22914;317;57;69.49340051725676;4320;11544;5796;3233;1704;637;0;448;114
219;23180;294;58;69.08633986348728;4336;11700;5856;3248;1730;646;0;385;159
220;23386;319;84;68.20428502436668;4363;11821;5895;3275;1762;633;0;371;180
221;23553;375;87;67.59003664281975;4395;11900;5953;3262;1797;641;0;483;114
222;23698;355;65;66.93649764405828;4424;11957;5991;3278;1827;645;0;475;105
223;23757;376;39;66.50057982218786;4463;11970;5992;3305;1842;648;0;411;160
224;23620;371;84;66.19453265814093;4492;11898;5952;3294;1824;652;0;377;216
225;23450;333;106;66.36806004917821;4483;11794;5919;3269;1822;646;0;444;112
226;23208;376;58;66.85384080639555;4467;11645;5852;3265;1799;647;0;468;101
227;22938;349;54;67.36899802674851;4456;11481;5804;3244;1771;638;0;382;169
228;22643;336;85;68.02598037038682;4442;11348;5717;3212;1730;636;0;415;181
229;22287;325;90;68.68629656289365;4422;11146;5634;3180;1712;615;0;495;125
230;21980;302;55;69.57209302325582;4404;10970;5552;3155;1697;606;0;504;92
231;21752;288;51;70.49983826995056;4393;10871;5462;3143;1677;599;0;369;215
232;21519;271;92;71.21310019168732;4380;10739;5404;3131;1657;588;0;404;183
233;21350;312;101;71.87415900691747;4365;10680;5333;3104;1647;586;0;505;103
234;21304;284;49;72.04367892658324;4441;10670;5323;3076;1656;579;0;490;108
235;21436;278;51;72.08729439809296;4485;10794;5326;3065;1660;591;0;385;216
236;21602;297;104;71.50962681245544;4508;10941;5309;3086;1667;599;0;452;183
237;21739;307;97;70.72992735163695;4512;11000;5332;3110;1676;621;0;517;107
238;22000;292;68;69.90986482061837;4510;11152;5407;3096;1720;625;0;497;121
239;22215;303;67;68.98164586222839;4506;11216;5521;3105;1737;636;0;397;225
240;22270;360;103;68.21616403089371;4512;11235;5541;3114;1735;645;0;433;163
241;22317;347;78;67.64142824444953;4491;11249;5554;3116;1753;645;0;508;110
242;22286;308;59;67.22359908883827;4476;11209;5565;3112;1762;638;0;482;134
243;22117;378;68;67.26515567765568;4464;11064;5569;3104;1749;631;0;418;201
244;21911;292;103;67.34264800662922;4451;10963;5535;3061;1720;632;0;494;171
245;21623;391;82;67.9648754547999;4430;10816;5458;3020;1706;623;0;535;123
246;21332;337;56;68.472868582195;4415;10648;5395;2993;1693;603;0;497;145
247;21041;285;77;69.20209823557462;4398;10481;5336;2959;1679;586;0;425;242
248;20718;315;117;69.93881313989034;4385;10345;5235;2922;1649;567;0;562;149
249;20450;278;71;70.64932004516668;4375;10179;5187;2896;1633;555;0;572;121
250;20285;280;58;71.39086117740652;4362;10103;5143;2873;1620;546;0;512;177
251;20122;280;81;71.87131098173057;4354;10010;5091;2875;1600;546;0;415;268
252;19999;292;137;72.22926928350175;4484;9947;5056;2851;1586;559;0;544;144
253;20056;291;74;72.31577875114597;4494;9919;5111;2859;1586;581;0;542;127
254;20231;270;68;71.88964398011969;4493;10047;5114;2865;1604;601;0;514;167
255;20363;268;89;71.06551273020027;4489;10112;5159;2845;1625;622;0;399;258
256;20432;323;131;70.25114269928173;4473;10122;5207;2860;1615;628;0;518;120
257;20653;267;63;69.49626902795741;4485;10244;5284;2865;1635;625;0;512;140
258;20711;307;75;68.67623698880173;4494;10264;5283;2903;1618;643;0;505;147
259;20775;266;75;68.12920962199313;4485;10346;5257;2912;1619;641;0;408;233
260;20699;295;101;67.87678492565877;4469;10293;5252;2901;1607;646;0;498;141
261;20555;330;67;67.82942567234755;4452;10183;5255;2894;1583;640;0;490;144
262;20336;310;65;68.04598612487611;4440;10055;5213;2863;1569;636;0;469;146
263;20177;236;60;68.55;4425;9950;5198;2834;1572;623;0;414;207
264;19921;277;115;69.1543593631539;4398;9815;5133;2803;1554;616;0;457;141
265;19692;272;67;69.79302420590338;4388;9688;5075;2777;1547;605;0;483;121
266;19494;268;62;70.43316806115071;4371;9587;5021;2766;1526;594;0;446;161
267;19376;244;72;70.82949212639483;4358;9556;4971;2750;1519;580;0;427;185
268;19259;252;99;71.2235479632063;4346;9497;4918;2750;1518;576;0;440;150
269;19262;264;73;71.44974104217313;4325;9510;4894;2749;1517;592;0;449;122
270;19363;257;59;71.22226327456983;4329;9569;4916;2757;1533;588;0;401;165
271;19499;256;73;70.62162446148997;4334;9594;4993;2781;1552;579;0;434;156
272;19666;251;77;69.97016326743518;4355;9686;5026;2788;1583;583;0;420;129
273;19743;305;67;69.392764590028;4378;9699;5036;2824;1585;599;0;404;135
274;19871;308;50;68.87923652308486;4413;9808;5039;2821;1586;617;0;390;171
275;19818;309;92;68.29655880842321;4438;9747;5052;2792;1602;625;0;423;124
276;19718;333;63;68.20672433323035;4462;9699;5029;2773;1594;623;0;419;123
277;19623;267;64;68.16454325063187;4447;9634;5013;2787;1571;618;0;378;163
278;19458;253;69;68.44448474172323;4436;9562;4954;2753;1582;607;0;407;147
279;19223;254;81;68.96151231501334;4426;9435;4885;2743;1566;594;0;394;127
280;18920;285;74;69.6136026293469;4405;9262;4828;2711;1542;577;0;387;123
281;18683;240;60;70.4875939849624;4386;9133;4764;2694;1529;563;0;332;163
282;18424;237;87;71.25742142818237;4374;9017;4686;2657;1511;553;0;416;122
283;18159;270;51;72.15328951002596;4362;8848;4643;2633;1497;538;0;431;110
284;18034;190;60;72.90524317382322;4359;8807;4590;2618;1490;529;0;440;111
285;17938;204;51;73.4541312784746;4347;8747;4579;2598;1492;522;0;373;196
286;17844;221;88;73.88859265982188;4438;8707;4527;2601;1481;528;0;429;130
287;17891;219;72;74.07030137298467;4486;8694;4580;2601;1480;536;0;417;122
288;18063;189;62;73.62919501133787;4513;8781;4641;2591;1504;546;0;395;131
289;18187;241;76;72.9348022089485;4521;8815;4700;2591;1518;563;0;333;174
290;18362;244;94;72.1336209311446;4523;8920;4741;2602;1523;576;0;371;117
291;18493;251;59;71.17311101263017;4519;8969;4747;2648;1548;581;0;362;115
292;18664;203;56;70.41318416145661;4520;9058;4806;2650;1574;576;0;380;116
293;18743;244;61;69.81834522577482;4504;9099;4816;2654;1590;584;0;350;140
294;18775;247;67;69.36713874871127;4486;9162;4786;2650;1591;586;0;343;114
295;18756;237;60;69.19953458166468;4474;9161;4758;2666;1580;591;0;303;137
296;18641;239;69;69.23075672159584;4457;9108;4735;2651;1559;588;0;327;108
297;18513;235;51;69.63682920185235;4445;9036;4719;2631;1544;583;0;323;107
298;18327;227;51;70.02906498491912;4431;8942;4682;2611;1525;567;0;334;93
299;18121;260;42;70.80127600554785;4416;8834;4630;2591;1508;558;0;288;127
300;17884;241;72;71.47540431266846;4401;8712;4578;2554;1499;541;0;314;106
301;17723;194;51;72.20959238052043;4389;8637;4527;2536;1490;533;0;326;100
302;17584;215;38;72.94871207784774;4377;8560;4491;2521;1479;533;0;330;91
303;17492;211;43;73.47414887478361;4360;8518;4463;2508;1473;530;0;305;128
304;17444;209;68;73.8782457159454;4460;8466;4466;2495;1484;533;0;323;113
305;17485;219;62;73.84921051098293;4475;8461;4488;2498;1504;534;0;331;93
306;17691;208;44;73.46248476759705;4473;8591;4534;2520;1499;547;0;297;100
307;17845;220;45;72.5327097440606;4478;8670;4571;2545;1492;567;0;287;122
308;18022;284;63;71.907360841239;4469;8805;4560;2569;1512;576;0;286;105
309;18144;219;52;70.75978818094755;4474;8826;4621;2600;1516;581;0;300;83
310;18283;262;39;70.23717984643838;4474;8929;4613;2621;1535;585;0;268;104
311;18344;212;51;69.58163152053274;4461;8952;4650;2609;1535;598;0;265;105
312;18308;230;49;69.37619706615001;4450;8939;4617;2623;1524;605;0;248;95
313;18232;235;46;69.43717756698285;4445;8890;4594;2627;1530;591;0;263;71
314;18145;221;35;69.601246105919;4423;8867;4564;2616;1505;593;0;229;96
315;17998;223;44;69.99339970913972;4421;8781;4515;2624;1489;589;0;236;89
316;17843;201;47;70.54270422535211;4414;8699;4465;2614;1490;575;0;232;83
317;17693;215;38;71.2534963047186;4403;8616;4420;2614;1470;573;0;231;71
318;17625;186;32;71.82123032904148;4387;8605;4390;2610;1460;560;0;198;89
319;17534;218;40;72.21304773420856;4367;8541;4381;2599;1462;551;0;202;77
320;17457;232;32;72.59183555298205;4353;8491;4375;2591;1453;547;0;199;65
321;17494;240;21;72.8569434752268;4340;8495;4410;2583;1449;557;0;187;57
322;17588;210;33;72.67283056054721;4344;8516;4459;2595;1452;566;0;152;82
323;17806;256;44;72.34804488662657;4364;8676;4466;2631;1450;583;0;172;63
324;18040;222;28;71.25375939849624;4394;8817;4504;2657;1456;606;0;170;48
325;18272;232;23;70.37430418892325;4416;8980;4543;2652;1489;608;0;152;52
326;18401;259;29;69.3950177935943;4452;9045;4604;2648;1487;617;0;112;74
327;18462;261;32;68.90788601722996;4495;9076;4612;2649;1485;640;0;118;44
328;18524;208;26;68.53873162168092;4526;9112;4650;2639;1490;633;0;123;38
329;18501;244;16;68.51051248357425;4511;9094;4646;2627;1508;626;0;121;34
330;18458;227;16;68.68912257640487;4495;9088;4635;2616;1495;624;0;98;49
331;18328;209;24;69.03807956104252;4482;9001;4615;2602;1491;619;0;89;40
332;18154;240;18;69.67155506364139;4468;8928;4556;2586;1478;606;0;89;31
333;17980;230;16;70.48899932990842;4461;8827;4515;2574;1469;595;0;91;29
334;17827;204;10;71.21687492964088;4452;8751;4472;2570;1448;586;0;83;32
335;17696;206;15;71.95808247188458;4438;8709;4420;2557;1437;573;0;79;31
336;17575;218;13;72.65651302605211;4427;8634;4397;2547;1432;565;0;69;26
337;17494;197;12;73.22970171599678;4408;8574;4376;2554;1433;557;0;57;28
338;17463;232;14;73.73770871985158;4486;8577;4350;2531;1457;548;0;54;27
339;17556;190;16;73.79764733151765;4548;8637;4342;2561;1462;554;0;63;15
340;17732;214;10;73.60085391183937;4566;8733;4368;2589;1459;583;0;56;16
341;18041;192;11;72.97290204803468;4582;8921;4430;2607;1477;606;0;47;21
342;18280;209;13;71.84292047814131;4579;9043;4498;2623;1504;612;0;34;25
343;18540;206;13;70.96312496539505;4587;9214;4510;2661;1529;626;0;40;10
344;18698;248;3;70.17797583246761;4591;9279;4562;2684;1539;634;0;31;13
345;18831;231;8;69.62630695053903;4576;9354;4577;2707;1558;635;0;31;10
346;18801;288;4;69.30632720211446;4567;9282;4625;2695;1567;632;0;21;16
347;18828;205;10;69.29721295598839;4557;9269;4673;2680;1581;625;0;22;6
348;18761;239;5;69.50710288420146;4545;9207;4677;2682;1580;615;0;15;10
349;18648;226;5;69.92298974635726;4530;9107;4682;2687;1563;609;0;15;7
350;18536;211;3;70.49679939242704;4520;9055;4648;2677;1559;597;0;17;6
351;18435;197;2;71.16000436276381;4508;8993;4638;2670;1544;590;0;22;2
352;18292;204;0;71.89002248916681;4495;8914;4587;2674;1528;589;0;16;7
353;18161;231;6;72.70141235114927;4480;8858;4553;2650;1518;582;0;9;10
354;18119;198;3;73.2174276169265;4470;8853;4540;2646;1505;575;0;11;5
355;18166;191;1;73.58319852736096;4466;8917;4543;2633;1500;573;0;15;1
356;18189;229;1;73.64925289919715;4591;8930;4544;2629;1505;581;0;11;4
357;18322;216;1;73.50272646338749;4608;9020;4564;2637;1508;593;0;10;6
358;18469;228;2;73.02984744638515;4605;9054;4625;2671;1533;586;0;17;5
359;18752;214;3;72.50761560376945;4597;9230;4675;2695;1565;587;0;24;0
360;19048;181;0;71.60788325884444;4595;9339;4782;2714;1597;616;0;16;8
361;19343;224;3;70.77827958131874;4596;9540;4808;2753;1614;628;0;18;7
362;19548;267;3;69.9332564357993;4597;9622;4889;2760;1638;639;0;12;9
363;19627;261;2;69.16805807622505;4582;9673;4900;2784;1630;640;0;17;0
364;19690;249;0;68.96274125296728;4568;9742;4902;2771;1637;638;0;9;8
365;19656;285;4;68.95886809958249;4553;9727;4881;2768;1639;641;0;10;4
366;19658;195;2;69.03864535690425;4552;9744;4877;2766;1634;637;0;9;5
367;19519;270;5;69.36934427075272;4535;9673;4835;2749;1636;626;0;12;1
368;19392;232;1;69.89567561962045;4515;9606;4804;2738;1626;618;0;7;5
369;19263;235;0;70.46077151954898;4505;9535;4790;2712;1621;605;0;7;4
370;19137;243;2;71.16226732569145;4491;9436;4785;2710;1612;594;0;8;4
371;19104;238;2;71.68227761020268;4479;9429;4777;2702;1605;591;0;10;0
372;19159;222;0;72.03214701832432;4473;9507;4753;2700;1599;600;0;7;3
373;19241;251;1;71.81816258528588;4458;9574;4759;2724;1593;591;0;4;6
374;19390;231;5;71.48303078137333;4476;9684;4763;2741;1612;590;0;5;1
375;19594;233;0;70.99989559951976;4499;9734;4867;2758;1630;605;0;5;0
376;19919;233;0;70.35137647848768;4521;9921;4955;2774;1647;622;0;2;3
377;20183;257;1;69.45602970347389;4555;10038;5048;2794;1661;642;0;1;2
378;20407;264;0;68.6317586224208;4601;10157;5091;2840;1676;643;0;3;0
379;20524;271;0;67.9510329757648;4635;10218;5137;2851;1665;653;0;3;0
380;20580;267;0;67.61865034309128;4656;10253;5151;2871;1657;648;0;2;1
381;20531;271;0;67.61898665616229;4641;10196;5153;2875;1655;652;0;2;2
382;20438;232;0;67.86245627863441;4629;10126;5138;2890;1639;645;0;2;0
383;20269;265;0;68.50671689882516;4619;10015;5097;2890;1633;634;0;1;0
384;20141;233;0;69.17857855859452;4608;9949;5085;2860;1622;625;0;0;1
385;19965;240;1;69.9062311557789;4598;9841;5044;2855;1616;609;0;2;0
386;19843;180;0;70.56027293404094;4587;9787;5013;2849;1601;593;0;2;0
387;19702;234;0;71.38625121117855;4576;9707;4990;2831;1591;583;0;2;0
388;19621;204;0;72.07021232946968;4565;9663;4969;2827;1583;579;0;0;2
389;19595;231;0;72.65817431665808;4549;9678;4932;2826;1581;578;0;3;0
390;19661;224;0;72.83175881472305;4647;9738;4962;2805;1581;575;0;3;0
391;19824;212;0;72.70389223096304;4679;9865;4960;2813;1608;578;0;3;0
392;20088;212;0;72.32587191515398;4719;10032;5000;2820;1653;583;0;0;3
393;20436;197;0;71.5712633854507;4738;10172;5127;2851;1674;612;0;3;0
394;20750;235;0;70.67506559081234;4741;10335;5215;2874;1695;631;0;3;0
395;21106;260;0;69.80239141044412;4745;10570;5281;2884;1710;661;0;3;0
396;21416;234;0;68.80859524722116;4756;10771;5342;2894;1739;670;0;0;3
397;21582;258;1;68.09438956373776;4744;10845;5395;2910;1749;683;0;4;0
398;21694;242;0;67.72558575445173;4732;10916;5407;2942;1730;699;0;4;0
399;21737;262;0;67.66321388577828;4724;10943;5398;2976;1725;695;0;3;1
400;21667;258;0;67.74128218259696;4714;10894;5381;2988;1719;685;0;1;3
401;21561;274;0;68.19847613705417;4698;10834;5345;2996;1716;670;0;4;0
402;21420;255;0;68.55650990331362;4684;10776;5309;2982;1703;650;0;4;0
403;21251;279;0;69.24076439146681;4672;10677;5268;2976;1687;643;0;3;1
404;21092;257;0;69.92550252453081;4662;10596;5241;2946;1681;628;0;0;3
405;20953;245;2;70.5768769489086;4652;10520;5218;2936;1659;620;0;2;0
406;20840;263;0;71.29405509908169;4643;10422;5226;2921;1654;617;0;2;0
407;20789;233;0;71.85199204153928;4628;10352;5248;2917;1656;616;0;2;0
408;20912;222;0;72.1303544513055;4737;10450;5271;2918;1664;609;0;0;2
409;21040;254;1;71.87292443239579;4765;10521;5317;2906;1685;611;0;2;0
410;21386;218;0;71.60200749207569;4769;10756;5366;2929;1700;635;0;2;0
411;21651;308;0;70.71833191004839;4767;10898;5435;2953;1718;647;0;2;0
412;21907;302;0;69.85811981825847;4760;11051;5452;3000;1742;662;0;0;2
413;22266;232;0;69.0719261822376;4772;11239;5559;3004;1792;672;0;1;0
414;22523;278;0;68.29147716936511;4793;11362;5608;3061;1794;698;0;1;0
415;22707;242;0;67.64081504420807;4777;11473;5651;3072;1818;693;0;1;0
416;22746;304;0;67.38253805293934;4760;11478;5689;3081;1806;692;0;0;1
417;22696;288;0;67.52368866328257;4751;11418;5685;3077;1809;707;0;0;0
418;22594;274;0;67.93992507358844;4748;11325;5682;3076;1799;712;0;0;0
419;22479;305;0;68.48149311319484;4737;11278;5648;3057;1786;710;0;0;0
420;22361;289;0;68.87183415953132;4717;11253;5591;3045;1779;693;0;0;0
421;22210;270;0;69.46883346159069;4697;11161;5538;3050;1771;690;0;0;0
422;22100;270;0;70.11403828623519;4690;11105;5499;3057;1760;679;0;0;0
423;22050;275;0;70.61649484536082;4683;11069;5498;3050;1756;677;0;0;0
424;22093;274;0;70.92790227773696;4676;11077;5563;3031;1748;674;0;0;0
425;22150;305;0;70.98489994492381;4666;11069;5598;3035;1772;676;0;0;0
426;22388;295;0;70.72889498970487;4672;11264;5634;3031;1774;685;0;0;0
427;22690;293;0;70.02204118578864;4689;11470;5658;3080;1779;703;0;0;0
428;23017;286;0;69.17389751830031;4718;11605;5776;3114;1795;727;0;0;0
429;23350;308;0;68.30366814919195;4760;11788;5856;3170;1803;733;0;0;0
430;23577;344;0;67.4090671998609;4781;11910;5924;3178;1826;739;0;0;0
431;23756;303;0;66.77489902895935;4806;12011;5966;3202;1836;741;0;0;0
432;23838;305;0;66.46880730032835;4826;12035;6001;3220;1842;740;0;0;0
433;23823;301;0;66.38772995708884;4820;12025;5994;3229;1839;736;0;0;0
434;23672;351;0;66.63006987048398;4804;11951;5938;3226;1845;712;0;0;0
435;23547;265;0;67.09181014226513;4798;11879;5910;3223;1838;697;0;0;0
436;23406;265;0;67.71716347392835;4787;11805;5878;3220;1821;682;0;0;0
437;23194;283;0;68.41080309648402;4780;11679;5829;3211;1809;666;0;0;0
438;22956;297;0;69.21854391404987;4769;11558;5764;3190;1793;651;0;0;0
439;22750;296;0;70.0946160635481;4759;11435;5715;3186;1775;639;0;0;0
440;22646;251;0;70.78252366771856;4747;11389;5691;3165;1772;629;0;0;0
441;22544;309;0;71.39732282759547;4737;11329;5672;3152;1770;621;0;0;0
442;22653;275;0;71.7737213166285;4819;11391;5710;3171;1759;622;0;0;0
443;22753;304;0;71.61604546064702;4855;11408;5782;3159;1766;638;0;0;0
444;23059;279;0;71.30021358013705;4876;11590;5862;3175;1774;658;0;0;0
445;23349;304;0;70.46381015161504;4877;11718;5921;3237;1797;676;0;0;0
446;23770;273;0;69.72144219102097;4884;11985;5984;3287;1811;703;0;0;0
447;24202;291;0;68.55189744026578;4885;12242;6114;3309;1826;711;0;0;0
448;24413;296;0;67.5142223709529;4897;12287;6244;3318;1833;731;0;0;0
449;24569;351;0;67.06578838001829;4881;12383;6279;3335;1835;737;0;0;0
450;24690;321;0;66.62182448036951;4861;12468;6313;3333;1844;732;0;0;0
451;24687;330;0;66.45533661740558;4848;12447;6330;3324;1861;725;0;0;0
452;24625;310;0;66.58272141772983;4842;12412;6337;3307;1858;711;0;0;0
453;24474;315;0;66.95771287535993;4833;12305;6321;3280;1855;713;0;0;0
454;24304;299;0;67.56881075491209;4824;12215;6275;3270;1843;701;0;0;0
455;24106;284;0;68.20745212323064;4814;12116;6199;3257;1851;683;0;0;0
456;23884;322;0;69.06756643121426;4803;11989;6145;3253;1824;673;0;0;0
457;23720;301;0;69.81257685620999;4795;11912;6092;3238;1819;659;0;0;0
458;23610;264;0;70.42696964529331;4788;11850;6046;3251;1812;651;0;0;0
459;23594;294;0;71.0539972551038;4778;11878;5980;3290;1799;647;0;0;0
460;23628;269;0;71.2583065380493;4898;11859;6009;3301;1812;647;0;0;0
461;23844;281;0;71.40763267229194;4903;12025;6023;3323;1806;667;0;0;0
462;24143;283;0;70.93383133143755;4902;12180;6120;3325;1830;688;0;0;0
463;24495;283;0;70.23424140821459;4901;12340;6233;3361;1865;696;0;0;0
464;24808;314;0;69.38637773458501;4897;12514;6313;3365;1901;715;0;0;0
465;25189;352;0;68.65632155708211;4902;12748;6384;3400;1921;736;0;0;0
466;25415;353;0;67.6773232404574;4907;12837;6441;3443;1945;749;0;0;0
467;25599;296;0;67.13989410406465;4898;12935;6491;3462;1954;757;0;0;0
468;25625;327;0;66.97633744855968;4902;12899;6528;3485;1955;758;0;0;0
469;25569;354;0;67.09030113568913;4884;12886;6503;3490;1928;762;0;0;0
470;25479;313;0;67.31810262907824;4875;12855;6455;3497;1924;748;0;0;0
471;25368;314;0;67.76999801311345;4865;12793;6417;3514;1906;738;0;0;0
472;25199;330;0;68.25305535585909;4857;12671;6413;3498;1891;726;0;0;0
473;25019;326;0;68.84320347364613;4853;12580;6365;3475;1884;715;0;0;0
474;24931;301;0;69.52055182458128;4845;12544;6338;3457;1889;703;0;0;0
475;24882;295;0;70.01814417924987;4841;12510;6305;3473;1889;705;0;0;0
476;24980;275;0;70.35741862071768;4833;12554;6320;3524;1881;701;0;0;0
477;25112;300;0;70.30611831442464;4828;12629;6338;3542;1891;712;0;0;0
478;25383;307;0;70.12606329369079;4830;12779;6407;3579;1892;726;0;0;0
479;25796;301;0;69.56199665098477;4849;13017;6520;3582;1938;739;0;0;0
480;26212;328;0;68.6139861787341;4871;13260;6587;3643;1956;766;0;0;0
481;26646;344;0;67.62126952218958;4907;13514;6698;3671;1995;768;0;0;0
482;26947;396;0;66.71470476190476;4948;13684;6753;3725;1990;795;0;0;0
483;27109;418;0;66.02759244600249;4981;13764;6811;3733;2002;799;0;0;0
484;27204;382;0;65.64122423017922;4998;13811;6849;3737;2005;802;0;0;0
485;27133;333;0;65.56763797402404;4993;13721;6858;3736;2013;805;0;0;0
486;26968;372;0;66.0304921340757;4985;13602;6836;3735;1993;802;0;0;0
487;26794;317;0;66.51611571798432;4972;13510;6797;3712;1986;789;0;0;0
488;26620;306;0;67.17645726366656;4967;13422;6745;3696;1991;766;0;0;0
489;26351;361;0;67.91911344681823;4955;13271;6670;3685;1978;747;0;0;0
490;26121;323;0;68.81120331950207;4945;13148;6601;3669;1964;739;0;0;0
491;25932;291;0;69.64603174603175;4941;13048;6535;3661;1966;722;0;0;0
492;25735;322;0;70.37520499804764;4925;12941;6478;3648;1951;717;0;0;0
493;25673;305;0;71.04616594573339;4921;12920;6470;3632;1943;708;0;0;0
494;25821;292;0;71.38977975651078;4984;13007;6497;3655;1957;705;0;0;0
495;26032;314;0;71.20272866272003;5024;13139;6526;3702;1946;719;0;0;0
496;26275;327;0;70.75779031316864;5040;13218;6613;3750;1967;727;0;0;0
497;26664;341;0;70.26320660137272;5047;13447;6694;3757;2014;752;0;0;0
498;27098;382;0;69.32546990335591;5063;13703;6815;3765;2054;761;0;0;0
499;27548;285;0;68.19494275165032;5065;13921;6936;3825;2087;779;0;0;0
500;27818;363;0;67.41909141070444;5072;14073;6974;3875;2113;783;0;0;0
501;28002;359;0;66.96063221530281;5060;14132;7054;3897;2119;800;0;0;0
502;28172;377;0;66.71714027149321;5051;14250;7083;3917;2111;811;0;0;0
503;28186;366;0;66.43576925843344;5044;14260;7079;3933;2097;817;0;0;0
504;28152;318;0;66.55124156738913;5033;14234;7084;3940;2085;809;0;0;0
505;28014;348;0;66.8957344267012;5027;14173;7029;3937;2072;803;0;0;0
506;27824;343;0;67.47999710888656;5016;14067;6982;3918;2066;791;0;0;0
507;27617;330;0;68.17985742343784;5014;13971;6916;3898;2042;790;0;0;0
508;27371;365;0;68.90976809041538;5011;13832;6868;3883;2018;770;0;0;0
509;27169;353;0;69.63331852838849;5004;13718;6828;3865;2000;758;0;0;0
510;27064;310;0;70.32927510331733;4990;13653;6806;3852;2006;747;0;0;0
511;27106;304;0;70.8777653213752;4980;13691;6815;3834;2032;734;0;0;0
512;27134;373;0;71.00927692365241;5080;13721;6796;3845;2035;737;0;0;0
513;27331;327;0;71.04953929943672;5103;13802;6881;3854;2059;735;0;0;0
514;27706;327;0;70.67975114797808;5104;14023;6957;3898;2066;762;0;0;0
515;28113;394;0;69.9145064440539;5101;14294;7007;3934;2100;778;0;0;0
516;28585;357;0;68.90744343565355;5110;14596;7088;3993;2098;810;0;0;0
517;29005;413;0;67.83125088740593;5114;14816;7241;4002;2122;824;0;0;0
518;29306;376;0;66.89028607356177;5120;14986;7298;4016;2175;831;0;0;0
519;29391;412;0;66.42001799681594;5112;14982;7336;4052;2189;832;0;0;0
520;29448;377;0;66.40284000827187;5103;15039;7310;4060;2199;840;0;0;0
521;29406;397;0;66.42342776496506;5089;15017;7311;4057;2205;816;0;0;0
522;29262;403;0;66.71030583043134;5074;14923;7285;4044;2192;818;0;0;0
523;29036;435;0;67.23960176223679;5067;14768;7257;4014;2196;801;0;0;0
524;28837;346;0;67.82091321017776;5063;14653;7175;4032;2181;796;0;0;0
525;28601;398;0;68.57326206969303;5050;14508;7124;4014;2166;789;0;0;0
526;28422;370;0;69.2716871524211;5038;14388;7088;4011;2153;782;0;0;0
527;28324;343;0;69.85811460522099;5037;14312;7066;4009;2164;773;0;0;0
528;28347;350;0;70.307428326303;5028;14299;7065;4027;2190;766;0;0;0
529;28542;356;0;70.35575720767389;5019;14444;7090;4043;2201;764;0;0;0
530;28773;446;0;70.10852078587699;5021;14558;7149;4075;2226;765;0;0;0
531;29081;410;0;69.46454888410958;5023;14667;7278;4115;2237;784;0;0;0
532;29576;396;0;68.80073208994249;5026;14948;7415;4108;2301;804;0;0;0
533;29965;408;0;67.7989920460779;5056;15128;7527;4143;2332;835;0;0;0
534;30316;400;0;66.91165229156097;5080;15310;7647;4155;2367;837;0;0;0
535;30512;440;0;66.31004819922346;5105;15403;7688;4186;2375;860;0;0;0
536;30588;405;0;65.94928089813;5141;15421;7706;4221;2374;866;0;0;0
537;30558;396;0;65.96028749337573;5130;15421;7689;4215;2373;860;0;0;0
538;30467;393;0;66.2548317586607;5122;15385;7661;4205;2363;853;0;0;0
539;30253;422;0;66.66709935097354;5113;15275;7608;4187;2345;838;0;0;0
540;29993;408;0;67.25501759088624;5107;15123;7557;4169;2319;825;0;0;0
541;29747;370;0;67.94122809978732;5097;14987;7523;4133;2306;798;0;0;0
542;29444;394;0;68.750281061561;5085;14808;7454;4109;2292;781;0;0;0
543;29238;337;0;69.56168619232487;5082;14704;7413;4077;2277;767;0;0;0
544;29059;386;0;70.28122833772356;5078;14631;7357;4055;2267;749;0;0;0
545;28998;350;0;70.78111393639625;5067;14619;7343;4043;2250;743;0;0;0
546;29123;361;0;71.11174354855606;5118;14655;7400;4052;2273;743;0;0;0
547;29215;431;0;70.93036386449184;5156;14693;7441;4044;2303;734;0;0;0
548;29539;418;0;70.6737160120846;5167;14925;7467;4060;2337;750;0;0;0
549;29950;431;0;69.95338051394806;5181;15158;7568;4097;2345;782;0;0;0
550;30432;415;0;69.0131030980193;5181;15433;7663;4174;2351;811;0;0;0
551;30910;393;0;68.00139818236293;5188;15710;7760;4211;2394;835;0;0;0
552;31265;424;0;67.07770780030178;5195;15961;7821;4210;2425;848;0;0;0
553;31538;398;0;66.40703664107299;5189;16146;7839;4264;2434;855;0;0;0
554;31689;407;0;66.02238925829559;5185;16197;7908;4289;2449;846;0;0;0
555;31650;420;0;65.89788608526017;5175;16142;7915;4293;2458;842;0;0;0
556;31483;436;0;66.21282116998782;5167;16006;7884;4287;2472;834;0;0;0
557;31290;404;0;66.6937481900962;5158;15897;7828;4272;2473;820;0;0;0
558;31046;410;0;67.33128238341969;5154;15759;7764;4262;2444;817;0;0;0
559;30739;438;0;68.0346641400941;5141;15587;7701;4233;2419;799;0;0;0
560;30480;400;0;68.83232802663238;5131;15438;7641;4210;2406;785;0;0;0
561;30302;383;0;69.58085523474101;5125;15352;7595;4193;2386;776;0;0;0
562;30204;349;0;70.12956965913264;5120;15313;7575;4177;2365;774;0;0;0
563;30094;438;0;70.70899684203454;5111;15208;7576;4173;2352;785;0;0;0
564;30191;403;0;70.97137179616719;5194;15307;7571;4173;2356;784;0;0;0
565;30412;430;0;70.90705957461107;5224;15464;7602;4191;2358;797;0;0;0
566;30796;352;0;70.37791084497671;5224;15656;7711;4229;2383;817;0;0;0
567;31282;405;0;69.75268994110098;5217;15938;7831;4266;2396;851;0;0;0
568;31779;394;0;68.80723905723906;5219;16190;7974;4287;2458;870;0;0;0
569;32205;424;0;67.86624142879923;5218;16391;8087;4352;2476;899;0;0;0
570;32501;475;0;67.13104317680428;5221;16545;8167;4373;2490;926;0;0;0
571;32744;433;0;66.55662966196832;5214;16722;8203;4384;2504;931;0;0;0
572;32827;456;0;66.3101771555996;5209;16761;8235;4381;2502;948;0;0;0
573;32808;416;0;66.24426892104532;5198;16751;8230;4398;2483;946;0;0;0
574;32681;443;0;66.46108450486636;5198;16716;8171;4395;2467;932;0;0;0
575;32524;393;0;66.87373017839445;5186;16609;8154;4380;2464;917;0;0;0
576;32277;415;0;67.36908654894266;5173;16487;8073;4362;2450;905;0;0;0
577;32110;392;0;68.02054257487848;5168;16403;8033;4357;2430;887;0;0;0
578;31919;441;0;68.5602639805488;5167;16332;7952;4348;2424;863;0;0;0
579;31801;452;0;69.07423650173197;5163;16270;7920;4346;2416;849;0;0;0
580;31804;430;0;69.42666794172962;5149;16278;7896;4348;2417;865;0;0;0
581;32020;414;0;69.44730805989168;5144;16434;7946;4345;2429;866;0;0;0
582;32399;385;0;69.10374585111427;5148;16638;8046;4376;2459;880;0;0;0
583;32843;434;0;68.41148130768028;5157;16906;8128;4423;2492;894;0;0;0
584;33322;454;0;67.58791565037512;5173;17119;8276;4489;2503;935;0;0;0
585;33691;434;0;66.68401848698613;5181;17283;8350;4567;2527;964;0;0;0
586;33970;517;0;66.12365105202869;5227;17402;8441;4615;2530;982;0;0;0
587;34172;452;0;65.62375440062056;5252;17457;8523;4648;2544;1000;0;0;0
588;34301;393;0;65.36419076941294;5262;17537;8542;4644;2573;1005;0;0;0
589;34296;428;0;65.40575089304166;5253;17530;8565;4636;2577;988;0;0;0
590;34154;459;0;65.70928273783137;5244;17450;8524;4632;2574;974;0;0;0
591;33870;502;0;66.20444550101034;5236;17247;8499;4609;2558;957;0;0;0
592;33602;426;0;66.89782920703266;5230;17076;8446;4590;2541;949;0;0;0
593;33243;452;0;67.6990346907994;5221;16865;8352;4572;2521;933;0;0;0
594;32962;417;0;68.59992079449218;5216;16708;8282;4552;2502;918;0;0;0
595;32683;424;0;69.36271436474276;5211;16551;8221;4532;2479;900;0;0;0
596;32480;444;0;70.12795061881572;5206;16447;8170;4513;2465;885;0;0;0
597;32385;437;0;70.6223512155541;5197;16408;8144;4518;2448;867;0;0;0
598;32484;406;0;70.93057944275931;5265;16453;8159;4533;2463;876;0;0;0
599;32834;353;0;70.84768603529302;5294;16715;8197;4546;2487;889;0;0;0
600;33290;448;0;70.3420305070092;5322;17049;8277;4538;2513;913;0;0;0
601;33861;477;0;69.45628257093226;5334;17394;8420;4560;2552;935;0;0;0
602;34454;453;0;68.34922772988506;5341;17737;8552;4607;2601;957;0;0;0
603;34839;545;0;67.34610280456516;5343;17947;8626;4643;2643;980;0;0;0
604;35193;521;0;66.581648114692;5340;18184;8702;4657;2652;998;0;0;0
605;35417;550;0;65.97130733481511;5333;18280;8809;4643;2673;1012;0;0;0
606;35474;477;0;65.57501431024613;5321;18251;8842;4694;2668;1019;0;0;0
607;35345;504;0;65.59814126394052;5312;18141;8834;4703;2648;1019;0;0;0
608;35175;507;0;66.04681669441415;5303;18031;8780;4693;2645;1026;0;0;0
609;34965;449;0;66.40019005932155;5298;17928;8729;4673;2632;1003;0;0;0
610;34712;443;0;66.9479752042176;5289;17797;8663;4663;2616;973;0;0;0
611;34417;450;0;67.69251649057264;5279;17624;8597;4651;2588;957;0;0;0
612;34099;450;0;68.50042688491772;5273;17441;8506;4635;2574;943;0;0;0
613;33881;407;0;69.28422177371483;5269;17314;8460;4615;2560;932;0;0;0
614;33760;427;0;69.9167214682848;5259;17263;8428;4607;2541;921;0;0;0
615;33737;452;0;70.3027801128858;5253;17282;8392;4617;2525;921;0;0;0
616;33852;422;0;70.43995197358547;5326;17327;8456;4621;2517;931;0;0;0
617;34052;471;0;70.33330337617207;5341;17425;8528;4637;2541;921;0;0;0
618;34483;458;0;69.92010478061559;5333;17704;8589;4692;2564;934;0;0;0
619;34943;486;0;69.13268817836868;5333;17919;8731;4747;2588;958;0;0;0
620;35389;518;0;68.27026870007262;5339;18144;8840;4831;2591;983;0;0;0
621;35859;545;0;67.5294742279876;5332;18433;8883;4896;2647;1000;0;0;0
622;36283;497;0;66.5936033029806;5347;18682;8991;4937;2665;1008;0;0;0
623;36508;551;0;65.95225568118214;5341;18774;9094;4954;2672;1014;0;0;0
624;36618;488;0;65.64419766796225;5338;18794;9149;4981;2675;1019;0;0;0
625;36573;474;0;65.62209495351925;5330;18743;9149;4984;2696;1001;0;0;0
626;36398;478;0;65.8602576534146;5326;18641;9140;4946;2692;979;0;0;0
627;36143;526;0;66.35149977698484;5314;18494;9077;4935;2687;950;0;0;0
628;35890;512;0;66.98838090426875;5306;18355;9021;4889;2671;954;0;0;0
629;35650;453;0;67.55078025792251;5291;18188;8993;4859;2672;938;0;0;0
630;35447;490;0;68.26695108077361;5283;18065;8964;4825;2660;933;0;0;0
631;35341;470;0;68.78697429739543;5281;18011;8936;4814;2654;926;0;0;0
632;35518;441;0;69.0521776504298;5273;18155;8974;4804;2664;921;0;0;0
633;35775;456;0;68.85648280189379;5263;18317;9043;4836;2652;927;0;0;0
634;36203;487;0;68.56806846520064;5273;18559;9125;4909;2661;949;0;0;0
635;36654;499;0;67.861304055568;5284;18795;9252;4935;2693;979;0;0;0
636;37149;564;0;67.23942920476587;5302;19080;9306;5010;2737;1016;0;0;0
637;37574;558;0;66.33040911699598;5320;19356;9380;5012;2793;1033;0;0;0
638;38050;493;0;65.6156252528249;5349;19631;9493;5053;2822;1051;0;0;0
639;38316;521;0;64.9566202137014;5359;19816;9508;5085;2838;1069;0;0;0
640;38396;533;0;64.71749199375381;5371;19874;9510;5080;2854;1078;0;0;0
641;38327;497;0;64.74352885300404;5367;19808;9509;5091;2837;1082;0;0;0
642;38073;536;0;65.13466169193724;5361;19627;9463;5080;2834;1069;0;0;0
643;37771;526;0;65.77151303699364;5358;19433;9386;5081;2816;1055;0;0;0
644;37389;556;0;66.4391240091361;5349;19207;9298;5064;2796;1024;0;0;0
645;36946;546;0;67.18950682626279;5344;18963;9186;5023;2778;996;0;0;0
646;36517;556;0;68.15864248419895;5338;18685;9115;4994;2745;978;0;0;0
647;36246;455;0;68.97617991237314;5330;18553;9032;4977;2729;955;0;0;0
648;36019;502;0;69.6272381378693;5323;18442;8979;4960;2715;923;0;0;0
649;35975;445;0;70.13161297576882;5317;18436;8955;4959;2706;919;0;0;0
650;36069;495;0;70.33483652762119;5367;18497;8981;4970;2695;926;0;0;0
651;36347;457;0;70.20077501965629;5397;18638;9086;4990;2679;954;0;0;0
652;36738;509;0;69.74758636084603;5404;18827;9243;5014;2684;970;0;0;0
653;37380;523;0;69.09968245202265;5409;19202;9379;5074;2721;1004;0;0;0
654;37946;483;0;67.94232593435781;5417;19492;9532;5115;2763;1044;0;0;0
655;38487;497;0;67.04870624048706;5417;19805;9673;5135;2802;1072;0;0;0
656;38934;546;0;66.27439972589019;5424;20018;9833;5174;2825;1084;0;0;0
657;39277;472;0;65.63548437418751;5417;20192;9912;5227;2826;1120;0;0;0
658;39372;549;0;65.32449390621773;5412;20264;9892;5248;2858;1110;0;0;0
659;39341;536;0;65.2067154186837;5403;20296;9847;5247;2863;1088;0;0;0
660;39186;547;0;65.45045625612208;5388;20205;9814;5225;2857;1085;0;0;0
661;38920;564;0;65.82763709802703;5384;20093;9729;5196;2832;1070;0;0;0
662;38641;497;0;66.38992270254795;5375;19947;9642;5175;2821;1056;0;0;0
663;38320;508;0;67.03579576744552;5370;19783;9564;5141;2800;1032;0;0;0
664;37983;523;0;67.75442495436145;5363;19590;9491;5116;2781;1005;0;0;0
665;37718;494;0;68.40809304062525;5358;19456;9429;5100;2750;983;0;0;0
666;37501;480;0;69.07336591653687;5347;19304;9382;5103;2742;970;0;0;0
667;37484;495;0;69.64003134626817;5341;19310;9378;5083;2755;958;0;0;0
668;37597;504;0;69.74275283937263;5393;19392;9392;5097;2760;956;0;0;0
669;37870;505;0;69.6190553219023;5408;19568;9434;5128;2779;961;0;0;0
670;38367;482;0;69.20185621054884;5406;19864;9552;5145;2817;989;0;0;0
671;38974;541;0;68.50589541585153;5404;20255;9639;5215;2852;1013;0;0;0
672;39549;521;0;67.47171872155619;5402;20590;9759;5262;2915;1023;0;0;0
673;40049;530;0;66.63089776775418;5409;20821;9918;5294;2949;1067;0;0;0
674;40358;588;0;65.95790780770888;5408;20926;10040;5330;2996;1066;0;0;0
675;40571;578;0;65.48174962292609;5403;20993;10120;5380;3016;1062;0;0;0
676;40642;630;0;65.28492025737964;5400;21023;10106;5430;3036;1047;0;0;0
677;40460;620;0;65.22397681275298;5397;20913;10054;5433;3019;1041;0;0;0
678;40276;597;0;65.66798785841507;5395;20812;9996;5446;2978;1044;0;0;0
679;40055;555;0;66.0261574482012;5391;20698;9938;5436;2961;1022;0;0;0
680;39785;552;0;66.53390881705187;5385;20539;9892;5417;2928;1009;0;0;0
681;39514;540;0;67.13680723659064;5375;20397;9806;5418;2893;1000;0;0;0
682;39262;551;0;67.77545363550034;5369;20241;9755;5414;2853;999;0;0;0
683;39159;546;0;68.29762888728175;5365;20206;9723;5403;2838;989;0;0;0
684;39171;555;0;68.61180188581494;5363;20168;9737;5441;2837;988;0;0;0
685;39416;537;0;68.6959155148315;5358;20307;9802;5455;2869;983;0;0;0
686;39944;543;0;68.3891389910735;5372;20616;9919;5490;2918;1001;0;0;0
687;40572;509;0;67.47528844934703;5385;21050;10018;5535;2946;1023;0;0;0
688;41314;554;0;66.58628617122295;5397;21515;10189;5537;3023;1050;0;0;0
689;41770;665;0;65.55194469728653;5424;21757;10335;5545;3049;1084;0;0;0
690;42088;618;0;64.85779548989113;5453;21833;10472;5599;3079;1105;0;0;0
691;42302;587;0;64.40541191778512;5479;21894;10598;5603;3089;1118;0;0;0
692;42332;609;0;64.24745161058212;5492;21894;10621;5604;3099;1114;0;0;0
693;42203;588;0;64.40027309313913;5487;21770;10613;5610;3106;1104;0;0;0
694;41942;588;0;64.7742400576715;5478;21610;10564;5592;3085;1091;0;0;0
695;41590;585;0;65.3168266557052;5470;21407;10473;5566;3074;1070;0;0;0
696;41208;570;0;66.03120429058995;5464;21172;10391;5530;3068;1047;0;0;0
697;40745;598;0;66.82479684806698;5456;20907;10280;5504;3028;1026;0;0;0
698;40366;532;0;67.69074677343147;5450;20698;10177;5486;2988;1017;0;0;0
699;39979;546;0;68.58151682571572;5445;20438;10110;5449;2979;1003;0;0;0
700;39690;554;0;69.37684210526315;5439;20248;10050;5448;2950;994;0;0;0
701;39526;570;0;69.9821063394683;5433;20138;10017;5435;2959;977;0;0;0
702;39660;519;0;70.22219088881482;5477;20239;10024;5458;2971;968;0;0;0
703;39976;544;0;70.01490438695163;5498;20447;10094;5489;2998;948;0;0;0
704;40429;540;0;69.5515011664469;5512;20685;10190;5566;3015;973;0;0;0
705;40996;636;0;68.90892870605383;5517;20993;10319;5608;3074;1002;0;0;0
706;41696;546;0;67.91159456118665;5528;21391;10484;5665;3110;1046;0;0;0
707;42293;611;0;66.86243154435925;5534;21769;10610;5719;3113;1082;0;0;0
708;42860;599;0;65.95188756175949;5535;22148;10686;5791;3141;1094;0;0;0
709;43216;585;0;65.22746303962153;5529;22355;10759;5818;3180;1104;0;0;0
710;43222;679;0;64.82977172814256;5516;22364;10753;5808;3185;1112;0;0;0
711;43060;683;0;64.84762218199769;5513;22269;10760;5757;3159;1115;0;0;0
712;42842;625;0;65.10613880051844;5507;22159;10712;5732;3130;1109;0;0;0
713;42516;643;0;65.56762008578403;5502;21984;10638;5704;3092;1098;0;0;0
714;42138;599;0;66.15807428966768;5495;21755;10551;5676;3080;1076;0;0;0
715;41701;618;0;66.82574662813101;5487;21532;10439;5626;3056;1048;0;0;0
716;41283;607;0;67.54847422981457;5480;21296;10356;5586;3019;1026;0;0;0
717;40989;501;0;68.30192241675249;5476;21102;10308;5567;3003;1009;0;0;0
718;40770;556;0;68.99757623723197;5468;21005;10226;5544;3002;993;0;0;0
719;40735;539;0;69.45979468569014;5464;21009;10206;5548;2968;1004;0;0;0
720;40942;540;0;69.66456026869014;5510;21156;10227;5575;2978;1006;0;0;0
721;41191;601;0;69.39114052700727;5510;21320;10276;5595;2998;1002;0;0;0
722;41836;529;0;68.96074959421573;5509;21736;10409;5640;3013;1038;0;0;0
723;42449;591;0;68.0915504909686;5511;22076;10579;5659;3066;1069;0;0;0
724;43067;625;0;67.11928557765876;5515;22490;10677;5713;3092;1095;0;0;0
725;43647;665;0;66.2061223527192;5517;22824;10804;5771;3118;1130;0;0;0
726;44033;623;0;65.34757344737821;5532;23065;10824;5842;3138;1164;0;0;0
727;44307;609;0;64.9074474944731;5527;23221;10874;5867;3172;1173;0;0;0
728;44349;670;0;64.70470013978962;5521;23189;10909;5878;3198;1175;0;0;0
729;44156;695;0;64.724927841664;5515;23051;10908;5847;3183;1167;0;0;0
730;43914;661;0;65.05354638464192;5514;22913;10853;5838;3168;1142;0;0;0
731;43574;650;0;65.49056952662721;5511;22681;10813;5815;3150;1115;0;0;0
732;43256;599;0;66.0698545666085;5504;22486;10748;5801;3132;1089;0;0;0
733;42940;595;0;66.69009165279763;5501;22293;10696;5770;3113;1068;0;0;0
734;42706;602;0;67.30294298266332;5501;22157;10651;5753;3107;1038;0;0;0
735;42474;668;0;67.7466339978115;5490;22017;10616;5736;3087;1018;0;0;0
736;42522;595;0;68.10477805105184;5484;22055;10582;5761;3112;1012;0;0;0
737;42798;545;0;68.12711723086453;5480;22173;10681;5783;3128;1033;0;0;0
738;43231;597;0;67.87147223999432;5481;22373;10813;5813;3164;1068;0;0;0
739;43811;614;0;67.33277799938992;5496;22689;10962;5849;3212;1099;0;0;0
740;44477;616;0;66.51253617316819;5517;22968;11225;5917;3218;1149;0;0;0
741;45095;666;0;65.61103375864509;5543;23347;11357;5970;3260;1161;0;0;0
742;45647;634;0;64.78140392703718;5554;23740;11391;6028;3304;1184;0;0;0
743;45837;658;0;64.1505701393674;5575;23821;11428;6082;3297;1209;0;0;0
744;45940;646;0;64.01748135690735;5593;23880;11446;6106;3298;1210;0;0;0
745;45860;638;0;64.02372963666063;5588;23856;11407;6098;3298;1201;0;0;0
746;45515;693;0;64.29311222795404;5581;23645;11351;6061;3281;1177;0;0;0
747;45207;613;0;64.88385818003653;5572;23476;11278;6023;3271;1159;0;0;0
748;44720;656;0;65.55475746896815;5567;23169;11180;5983;3245;1143;0;0;0
749;44201;646;0;66.41611834641739;5565;22849;11088;5939;3209;1116;0;0;0
750;43710;659;0;67.29047815901887;5563;22567;10979;5900;3179;1085;0;0;0
751;43363;565;0;68.13243713060609;5559;22386;10867;5890;3151;1069;0;0;0
752;43075;595;0;68.86620838009726;5558;22217;10775;5888;3150;1045;0;0;0
753;42854;592;0;69.47202410375915;5554;22044;10724;5890;3153;1043;0;0;0
754;43012;564;0;69.88153227713407;5600;22152;10757;5886;3158;1059;0;0;0
755;43324;588;0;69.75325287573072;5623;22304;10863;5907;3178;1072;0;0;0
756;43826;607;0;69.33946672285039;5639;22584;10975;5949;3225;1093;0;0;0
757;44421;611;0;68.59560337845656;5652;22844;11183;5992;3272;1130;0;0;0
758;45182;680;0;67.79111131432752;5658;23314;11362;6010;3334;1162;0;0;0
759;45867;686;0;66.6116504854369;5659;23713;11564;6038;3384;1168;0;0;0
760;46477;622;0;65.69543595977456;5657;24041;11739;6064;3436;1197;0;0;0
761;46813;665;0;65.04258709508426;5648;24206;11839;6101;3444;1223;0;0;0
762;46953;733;0;64.73185763888888;5635;24324;11854;6111;3425;1239;0;0;0
763;46857;731;0;64.66539742979533;5630;24277;11816;6138;3386;1240;0;0;0
764;46590;700;0;64.83610286630413;5625;24107;11773;6136;3361;1213;0;0;0
765;46235;657;0;65.3305902074761;5610;23871;11704;6122;3348;1190;0;0;0
766;45809;659;0;65.98819554151308;5603;23626;11594;6090;3323;1176;0;0;0
767;45291;680;0;66.73930288727868;5600;23319;11479;6053;3291;1149;0;0;0
768;44849;629;0;67.57760512292329;5594;23049;11378;6030;3268;1124;0;0;0
769;44536;568;0;68.31230098687925;5589;22882;11289;6026;3245;1094;0;0;0
770;44357;575;0;68.9401514979186;5584;22793;11273;5975;3232;1084;0;0;0
771;44255;643;0;69.3921398179073;5574;22735;11238;5991;3227;1064;0;0;0
772;44324;682;0;69.57503499873775;5640;22777;11264;5987;3236;1060;0;0;0
773;44647;600;0;69.44026164120392;5649;22984;11312;6015;3265;1071;0;0;0
774;45172;657;0;69.09072516481018;5650;23269;11455;6053;3289;1106;0;0;0
775;45894;640;0;68.30856462768347;5650;23700;11622;6116;3304;1152;0;0;0
776;46608;744;0;67.38648947951273;5653;24155;11784;6128;3351;1190;0;0;0
777;47217;657;0;66.29089682487867;5652;24467;11975;6153;3402;1220;0;0;0
778;47748;686;0;65.5539747695085;5654;24823;12067;6156;3458;1244;0;0;0
779;47903;748;0;64.95372340425531;5647;24833;12161;6178;3468;1263;0;0;0
780;47884;782;0;64.77180025890792;5645;24824;12135;6195;3458;1272;0;0;0
781;47738;716;0;64.91689280868385;5649;24702;12115;6205;3435;1281;0;0;0
782;47421;708;0;65.24161173718903;5645;24471;12089;6182;3412;1267;0;0;0
783;47074;679;0;65.81091951563904;5639;24251;11993;6183;3398;1249;0;0;0
784;46648;743;0;66.40938032850575;5637;23983;11919;6153;3372;1221;0;0;0
785;46247;698;0;67.07653971708379;5628;23743;11814;6138;3342;1210;0;0;0
786;45985;601;0;67.70961310958243;5619;23583;11767;6099;3343;1193;0;0;0
787;45847;677;0;68.17438421470823;5618;23574;11676;6117;3314;1166;0;0;0
788;45797;677;0;68.43732565862298;5613;23505;11689;6097;3327;1179;0;0;0
789;46023;703;0;68.48237016011;5606;23623;11760;6124;3331;1185;0;0;0
790;46464;659;0;68.1175822237898;5617;23866;11840;6178;3360;1220;0;0;0
791;47101;705;0;67.5162044625101;5640;24321;11929;6210;3398;1243;0;0;0
792;47844;709;0;66.62297378858423;5654;24770;12036;6336;3432;1270;0;0;0
793;48387;729;0;65.64987795818742;5668;25014;12202;6397;3490;1284;0;0;0
794;48839;743;0;64.94106288304928;5686;25257;12349;6396;3528;1309;0;0;0
795;49014;801;0;64.4454390274366;5698;25338;12406;6397;3567;1306;0;0;0
796;49061;750;0;64.26448284435604;5706;25350;12415;6419;3570;1307;0;0;0
797;48876;752;0;64.29870210519779;5696;25193;12431;6397;3567;1288;0;0;0
798;48600;718;0;64.58191785373147;5689;25066;12342;6393;3531;1268;0;0;0
799;48105;776;0;65.09882067581131;5683;24736;12247;6384;3496;1242;0;0;0
800;47635;678;0;65.75332616442111;5677;24479;12138;6345;3462;1211;0;0;0
801;47124;697;0;66.59972729984234;5672;24203;11988;6310;3438;1185;0;0;0
802;46670;640;0;67.36606144049566;5668;23958;11891;6259;3405;1157;0;0;0
803;46167;672;0;68.21392234444976;5662;23632;11798;6231;3378;1128;0;0;0
804;45846;641;0;68.99626587005228;5658;23450;11727;6190;3376;1103;0;0;0
805;45763;633;0;69.55738393824785;5652;23450;11678;6178;3349;1108;0;0;0
806;45825;663;0;69.86379157427938;5695;23426;11712;6215;3344;1128;0;0;0
807;46264;586;0;69.73299586639847;5715;23722;11773;6267;3363;1139;0;0;0
808;46806;672;0;69.14083611159853;5728;24068;11860;6329;3395;1154;0;0;0
809;47643;637;0;68.37098485997097;5731;24672;11918;6415;3454;1184;0;0;0
810;48262;742;0;67.33191189953305;5735;24972;12124;6441;3506;1219;0;0;0
811;48929;666;0;66.49012522060677;5739;25263;12334;6532;3547;1253;0;0;0
812;49538;760;0;65.75255869957857;5743;25636;12452;6599;3588;1263;0;0;0
813;49829;748;0;65.00235704037712;5738;25781;12505;6663;3609;1271;0;0;0
814;49968;727;0;64.67506415217302;5735;25849;12556;6685;3602;1276;0;0;0
815;49929;706;0;64.6296536884414;5723;25806;12571;6676;3621;1255;0;0;0
816;49749;735;0;64.84272472252714;5718;25742;12500;6672;3595;1240;0;0;0
817;49315;768;0;65.22659806863886;5712;25472;12414;6639;3566;1224;0;0;0
818;48793;775;0;65.9094355170993;5708;25181;12280;6582;3546;1204;0;0;0
819;48311;684;0;66.64790371863893;5706;24920;12153;6537;3524;1177;0;0;0
820;47791;730;0;67.43527878775141;5702;24630;12016;6498;3505;1142;0;0;0
821;47390;661;0;68.25484829195841;5697;24367;11949;6458;3494;1122;0;0;0
822;47131;645;0;68.92563910578671;5694;24203;11898;6460;3455;1115;0;0;0
823;47052;673;0;69.43316543975203;5689;24183;11849;6456;3460;1104;0;0;0
824;47113;687;0;69.58410438908659;5754;24190;11895;6464;3447;1117;0;0;0
825;47500;656;0;69.48076716103063;5760;24442;11994;6479;3461;1124;0;0;0
826;48093;661;0;69.04050043766946;5757;24767;12127;6550;3495;1154;0;0;0
827;48804;644;0;68.20333410609285;5762;25178;12294;6615;3527;1190;0;0;0
828;49486;716;0;67.37491681916487;5756;25496;12522;6667;3578;1223;0;0;0
829;50092;758;0;66.57227877195862;5760;25824;12648;6731;3619;1270;0;0;0
830;50494;749;0;65.82145390430253;5765;25990;12796;6787;3622;1299;0;0;0
831;50636;790;0;65.35705375824884;5764;26032;12820;6846;3624;1314;0;0;0
832;50689;777;0;65.15124651517279;5759;26061;12835;6856;3623;1314;0;0;0
833;50594;709;0;65.1392557022809;5759;26008;12822;6845;3629;1290;0;0;0
834;50405;663;0;65.35100438605275;5751;25959;12730;6827;3618;1271;0;0;0
835;50031;755;0;65.79899295065458;5744;25780;12600;6796;3604;1251;0;0;0
836;49628;709;0;66.37678926239812;5733;25533;12506;6775;3577;1237;0;0;0
837;49318;648;0;66.97821559820335;5732;25363;12436;6743;3569;1207;0;0;0
838;49064;649;0;67.5239063880499;5729;25255;12348;6736;3533;1192;0;0;0
839;48938;648;0;67.99876074025116;5727;25154;12364;6694;3561;1165;0;0;0
840;48945;668;0;68.30834887093432;5724;25195;12306;6705;3561;1178;0;0;0
841;49291;710;0;68.39900487198092;5716;25474;12312;6733;3576;1196;0;0;0
842;49796;705;0;67.89729551722718;5715;25796;12419;6747;3612;1222;0;0;0
843;50391;781;0;67.26912169743956;5726;26133;12608;6773;3639;1238;0;0;0
844;51008;808;0;66.45273581671137;5741;26453;12765;6802;3713;1275;0;0;0
845;51677;761;0;65.62437558461201;5773;26819;12947;6847;3754;1310;0;0;0
846;52046;827;0;64.90957718780727;5789;26976;13043;6905;3768;1354;0;0;0
847;52348;770;0;64.46076136984163;5801;27124;13151;6925;3779;1369;0;0;0
848;52343;812;0;64.20201412604781;5816;27089;13164;6918;3814;1358;0;0;0
849;52217;747;0;64.29089464299558;5810;27026;13104;6938;3794;1355;0;0;0
850;51893;747;0;64.57913347581115;5809;26804;13065;6912;3785;1327;0;0;0
851;51382;826;0;65.19703526739382;5801;26509;12910;6886;3765;1312;0;0;0
852;50855;778;0;65.83082365030432;5797;26220;12798;6844;3721;1272;0;0;0
853;50268;783;0;66.61139958459817;5793;25871;12677;6794;3688;1238;0;0;0
854;49746;698;0;67.36306233609038;5787;25591;12552;6759;3633;1211;0;0;0
855;49288;707;0;68.22863435225025;5783;25348;12411;6740;3600;1189;0;0;0
856;48846;750;0;68.97171288475009;5777;25058;12325;6713;3580;1170;0;0;0
857;48601;734;0;69.61510641835717;5771;24886;12291;6690;3579;1155;0;0;0
858;48636;692;0;69.96261662735603;5814;24920;12261;6701;3598;1156;0;0;0
859;49080;650;0;69.9778060267578;5832;25185;12367;6705;3656;1167;0;0;0
860;49597;709;0;69.46106137975234;5842;25470;12487;6733;3705;1202;0;0;0
861;50376;716;0;68.76614635543463;5839;25887;12765;6725;3759;1240;0;0;0
862;51349;679;0;67.74374710747128;5840;26525;12927;6837;3779;1281;0;0;0
863;52093;716;0;66.5861789741868;5844;26998;13017;6916;3848;1314;0;0;0
864;52674;751;0;65.81451832807448;5848;27239;13195;6987;3896;1357;0;0;0
865;52968;806;0;65.2120382509447;5839;27393;13259;7017;3931;1368;0;0;0
866;53113;821;0;64.97037221700194;5835;27476;13280;7053;3934;1370;0;0;0
867;52959;829;0;64.88168464539821;5829;27356;13256;7069;3930;1348;0;0;0
868;52750;787;0;65.14567200797363;5827;27210;13249;7034;3933;1324;0;0;0
869;52320;787;0;65.51979292958451;5821;26946;13163;7002;3911;1298;0;0;0
870;51866;680;0;66.16884198295895;5816;26659;13077;6971;3878;1281;0;0;0
871;51354;724;0;66.93768331312815;5812;26362;12970;6931;3844;1247;0;0;0
872;50885;710;0;67.6922833899376;5808;26098;12864;6884;3820;1219;0;0;0
873;50431;721;0;68.44244876804082;5804;25825;12760;6854;3793;1199;0;0;0
874;50122;701;0;69.19907500502714;5802;25637;12668;6836;3806;1175;0;0;0
875;50046;708;0;69.6993766948638;5799;25612;12669;6795;3786;1184;0;0;0
876;50204;739;0;69.87559575719472;5863;25745;12686;6798;3792;1183;0;0;0
877;50545;767;0;69.69100066751624;5869;25933;12782;6814;3811;1205;0;0;0
878;51063;783;0;69.20585989309112;5868;26161;12982;6838;3865;1217;0;0;0
879;51861;718;0;68.46791141126229;5864;26700;13078;6896;3930;1257;0;0;0
880;52744;755;0;67.49986302978124;5863;27220;13255;7029;3957;1283;0;0;0
881;53394;830;0;66.49437531301768;5864;27589;13388;7074;4002;1341;0;0;0
882;53769;859;0;65.72163319691634;5864;27803;13436;7140;4028;1362;0;0;0
883;54155;746;0;65.26916621088961;5862;28071;13473;7161;4060;1390;0;0;0
884;53996;865;0;64.9298179771064;5857;27881;13528;7141;4050;1396;0;0;0
885;53788;835;0;65.1763510844416;5849;27745;13497;7120;4038;1388;0;0;0
886;53437;816;0;65.47485464018727;5847;27516;13463;7085;4012;1361;0;0;0
887;52929;881;0;66.04890022071694;5844;27186;13383;7037;3981;1342;0;0;0
888;52466;767;0;66.63793566197616;5848;26915;13269;7008;3962;1312;0;0;0
889;52070;721;0;67.30648371823365;5849;26670;13181;6988;3932;1299;0;0;0
890;51705;789;0;68.00079951639009;5848;26491;13065;6941;3921;1287;0;0;0
891;51460;768;0;68.50648840724817;5843;26362;12965;6964;3886;1283;0;0;0
892;51470;731;0;68.9120424214946;5837;26392;12942;6948;3900;1288;0;0;0
893;51701;747;0;68.91120399030027;5830;26491;13076;6927;3914;1293;0;0;0
894;52158;762;0;68.60175896660712;5837;26732;13233;6936;3925;1332;0;0;0
895;52831;793;0;68.0656283461501;5852;27111;13386;7013;3956;1365;0;0;0
896;53648;781;0;67.23312199807877;5866;27558;13588;7099;3988;1415;0;0;0
897;54343;835;0;66.20472232215553;5881;27947;13785;7163;4031;1417;0;0;0
898;54847;848;0;65.33464809795308;5899;28248;13882;7230;4065;1422;0;0;0
899;55022;928;0;64.83310150410801;5920;28340;13906;7256;4079;1441;0;0;0
900;55065;840;0;64.5895684913809;5938;28334;13947;7264;4075;1445;0;0;0
901;54812;864;0;64.65478496706703;5930;28151;13911;7239;4092;1419;0;0;0
902;54375;860;0;65.02987841043891;5922;27895;13793;7230;4054;1403;0;0;0
903;53840;885;0;65.61615255187886;5915;27596;13685;7154;4033;1372;0;0;0
904;53260;800;0;66.28278657616893;5908;27247;13558;7114;4001;1340;0;0;0
905;52642;779;0;67.12640765229321;5906;26869;13418;7084;3957;1314;0;0;0
906;52092;745;0;68.00903713124073;5903;26560;13269;7059;3921;1283;0;0;0
907;51594;733;0;68.8090889620125;5894;26271;13168;7003;3909;1243;0;0;0
908;51236;730;0;69.55567788612771;5888;26112;13033;6983;3891;1217;0;0;0
909;51094;743;0;70.16079456558334;5883;26063;12936;6997;3879;1219;0;0;0
910;51215;732;0;70.3819745045868;5921;26178;12955;6977;3879;1226;0;0;0
911;51574;775;0;70.28142347343378;5943;26358;13051;7022;3894;1249;0;0;0
912;52237;742;0;69.79172568460812;5961;26764;13170;7086;3918;1299;0;0;0
913;53009;696;0;68.92567082516831;5960;27200;13313;7208;3927;1361;0;0;0
914;53869;768;0;68.0933557933424;5961;27657;13557;7268;3994;1393;0;0;0
915;54480;884;0;67.12460130225536;5966;27994;13735;7267;4033;1451;0;0;0
916;55013;858;0;66.3322143896162;5970;28259;13866;7322;4094;1472;0;0;0
917;55518;805;0;65.73369244391972;5964;28583;13981;7331;4119;1504;0;0;0
918;55577;818;0;65.24793418647167;5959;28527;14068;7330;4140;1512;0;0;0
919;55479;842;0;65.25411528272586;5952;28497;14016;7322;4146;1498;0;0;0
920;55214;804;0;65.42266117969821;5948;28320;13974;7337;4101;1482;0;0;0
921;54719;816;0;65.83615206441414;5944;28015;13865;7314;4068;1457;0;0;0
922;54244;793;0;66.47787709082817;5939;27777;13738;7288;4024;1417;0;0;0
923;53732;752;0;67.12781350482315;5934;27510;13603;7250;3984;1385;0;0;0
924;53262;716;0;67.8464803078316;5931;27253;13487;7220;3950;1352;0;0;0
925;52713;833;0;68.64029449350551;5924;26935;13340;7194;3927;1317;0;0;0
926;52330;750;0;69.26797913900275;5916;26713;13240;7176;3910;1291;0;0;0
927;52242;728;0;69.82467733808767;5910;26687;13181;7191;3893;1290;0;0;0
928;52339;777;0;69.998290100068;5959;26758;13193;7203;3897;1288;0;0;0
929;52697;748;0;69.8478029113605;5967;26947;13288;7246;3923;1293;0;0;0
930;53213;852;0;69.39064519240043;5971;27259;13386;7302;3945;1321;0;0;0
931;53936;818;0;68.63922129974235;5968;27672;13555;7366;3985;1358;0;0;0
932;54754;879;0;67.72966809280585;5966;28084;13812;7408;4067;1383;0;0;0
933;55520;777;0;66.68158660170073;5964;28543;13951;7481;4117;1428;0;0;0
934;55969;845;0;65.80744398719708;5971;28820;14067;7471;4163;1448;0;0;0
935;56143;873;0;65.37458254682736;5964;28842;14191;7440;4202;1468;0;0;0
936;56026;935;0;65.17837994493551;5961;28830;14104;7457;4177;1458;0;0;0
937;55864;875;0;65.2665409512067;5956;28762;14047;7463;4141;1451;0;0;0
938;55464;857;0;65.51818859417892;5953;28513;13952;7463;4122;1414;0;0;0
939;55012;860;0;66.09409567064684;5951;28241;13866;7428;4077;1400;0;0;0
940;54561;831;0;66.66816780790315;5946;28013;13743;7386;4043;1376;0;0;0
941;54100;793;0;67.23724148192234;5945;27768;13610;7358;4011;1353;0;0;0
942;53773;744;0;67.92660619236824;5941;27571;13539;7340;3972;1351;0;0;0
943;53624;796;0;68.4568586367669;5937;27535;13475;7316;3978;1320;0;0;0
944;53486;884;0;68.67030716723549;5925;27456;13424;7337;3964;1305;0;0;0
945;53711;825;0;68.8133723248704;5920;27602;13411;7406;3969;1323;0;0;0
946;54243;837;0;68.45037258387866;5921;27948;13530;7443;3972;1350;0;0;0
947;54859;847;0;67.74035508277774;5921;28289;13676;7502;4032;1360;0;0;0
948;55645;785;0;67.03328771683249;5931;28680;13876;7580;4087;1422;0;0;0
949;56266;887;0;66.15720077431608;5941;28976;14070;7646;4116;1458;0;0;0
950;56723;933;0;65.46693654781053;5961;29216;14209;7645;4167;1486;0;0;0
951;57108;877;0;64.8902875765498;5981;29456;14342;7627;4195;1488;0;0;0
952;57143;887;0;64.55237366820228;5990;29447;14362;7631;4215;1488;0;0;0
953;57001;813;0;64.59566838274453;5988;29371;14301;7643;4194;1492;0;0;0
954;56566;858;0;64.94943269864453;5988;29095;14209;7610;4194;1458;0;0;0
955;56072;849;0;65.5878995638674;5979;28793;14106;7578;4144;1451;0;0;0
956;55473;862;0;66.29623256656403;5973;28464;13924;7554;4122;1409;0;0;0
957;54839;801;0;67.10727611940298;5968;28088;13745;7531;4101;1374;0;0;0
958;54299;751;0;68.04169131785238;5964;27769;13618;7490;4074;1348;0;0;0
959;53714;812;0;68.87567072372727;5962;27443;13467;7446;4032;1326;0;0;0
960;53304;748;0;69.65387229543481;5957;27193;13392;7396;4008;1315;0;0;0
961;53141;751;0;70.22036800943809;5953;27113;13360;7372;3998;1298;0;0;0
962;53201;780;0;70.48410076201753;6012;27143;13394;7376;4002;1286;0;0;0
963;53475;790;0;70.38978458720497;6030;27241;13498;7408;4027;1301;0;0;0
964;54167;747;0;69.96633667121833;6037;27651;13667;7451;4063;1335;0;0;0
965;55050;868;0;69.14823917897147;6043;28261;13805;7479;4158;1347;0;0;0
966;55864;880;0;67.97467232785675;6052;28761;13940;7577;4182;1404;0;0;0
967;56624;901;0;66.90850208321962;6053;29192;14164;7629;4210;1429;0;0;0
968;57092;901;0;66.0157385639682;6054;29363;14326;7684;4259;1460;0;0;0
969;57589;898;0;65.47677688009396;6050;29628;14506;7713;4273;1469;0;0;0
970;57648;893;0;64.98340270918584;6046;29641;14492;7761;4266;1488;0;0;0
971;57525;847;0;64.99528177320822;6043;29566;14467;7754;4258;1480;0;0;0
972;57145;876;0;65.23278433864675;6042;29334;14386;7728;4251;1446;0;0;0
973;56682;874;0;65.70771800749942;6034;29113;14253;7674;4224;1418;0;0;0
974;56146;841;0;66.36673770168872;6028;28782;14131;7645;4203;1385;0;0;0
975;55612;792;0;67.11876287169852;6025;28447;14035;7598;4174;1358;0;0;0
976;54978;876;0;67.9268671441099;6017;28060;13902;7554;4135;1327;0;0;0
977;54464;811;0;68.69125113076227;6014;27775;13773;7504;4113;1299;0;0;0
978;54104;801;0;69.40297784320668;6011;27604;13648;7481;4081;1290;0;0;0
979;53912;783;0;69.97967029875659;6004;27438;13613;7488;4085;1288;0;0;0
980;54035;765;0;70.23485803526069;6046;27509;13651;7486;4097;1292;0;0;0
981;54367;821;0;70.13293494193258;6056;27700;13731;7504;4114;1318;0;0;0
982;54974;837;0;69.77037175415654;6056;28101;13824;7526;4143;1380;0;0;0
983;55622;825;0;68.95946370200743;6055;28414;13995;7589;4204;1420;0;0;0
984;56428;835;0;68.14434081077628;6058;28809;14177;7731;4250;1461;0;0;0
985;57162;913;0;67.23345041880573;6065;29279;14312;7779;4299;1493;0;0;0
986;57624;900;0;66.41015250079982;6064;29499;14443;7806;4336;1540;0;0;0
987;57865;845;0;65.92254178481481;6058;29633;14451;7890;4319;1572;0;0;0
988;57843;939;0;65.80024944665004;6058;29649;14457;7827;4330;1580;0;0;0
989;57699;938;0;65.80216149723223;6052;29571;14465;7794;4317;1552;0;0;0
990;57377;806;0;65.97031269224685;6052;29386;14362;7779;4332;1518;0;0;0
991;56974;832;0;66.45698116544345;6052;29191;14248;7747;4293;1495;0;0;0
992;56586;775;0;67.03053435114504;6048;28961;14168;7718;4273;1466;0;0;0
993;56098;840;0;67.6237218813906;6042;28710;14040;7665;4234;1449;0;0;0
994;55651;862;0;68.26761532333985;6039;28429;13966;7635;4208;1413;0;0;0
995;55517;761;0;68.85164875204956;6036;28307;13991;7607;4198;1414;0;0;0
996;55516;806;0;69.15209007329422;6034;28331;13943;7621;4192;1429;0;0;0
997;55858;817;0;69.18248962503885;6032;28572;14017;7600;4239;1430;0;0;0
998;56390;906;0;68.82188091425243;6036;28916;14090;7669;4256;1459;0;0;0
999;57071;852;0;68.13378227519897;6051;29315;14253;7704;4289;1510;0;0;0
1000;57834;840;0;67.3244651526738;6055;29749;14389;7789;4347;1560;0;0;0
1001;58455;909;0;66.51840140535792;6077;30053;14570;7822;4414;1596;0;0;0
1002;58895;1001;0;65.86147178612455;6094;30238;14742;7861;4435;1619;0;0;0
1003;59150;905;0;65.31122607346094;6114;30328;14846;7905;4447;1624;0;0;0
1004;59156;931;0;65.12289802298218;6136;30301;14867;7906;4437;1645;0;0;0
1005;58938;932;0;65.22277754877713;6131;30163;14821;7878;4439;1637;0;0;0
1006;58466;975;0;65.5991753359902;6123;29904;14695;7838;4409;1620;0;0;0
1007;57922;903;0;66.07560412070254;6115;29581;14581;7821;4368;1571;0;0;0
1008;57322;862;0;66.71554504030844;6109;29244;14442;7772;4344;1520;0;0;0
1009;56629;883;0;67.50383599992912;6101;28870;14255;7709;4314;1481;0;0;0
1010;56036;796;0;68.36261709025129;6098;28522;14121;7670;4285;1438;0;0;0
1011;55494;805;0;69.2009197733157;6090;28209;13994;7628;4267;1396;0;0;0
1012;55102;787;0;69.90939002321458;6085;28045;13848;7609;4226;1374;0;0;0
1013;54836;864;0;70.45541871012944;6080;27919;13769;7584;4210;1354;0;0;0
1014;54911;788;0;70.72085923623446;6097;27967;13764;7602;4224;1354;0;0;0
1015;55178;857;0;70.64378214378215;6123;28149;13778;7633;4253;1365;0;0;0
1016;55947;756;0;70.21518871044798;6136;28608;13973;7670;4287;1409;0;0;0
1017;56795;757;0;69.34375792716072;6144;29041;14223;7729;4328;1474;0;0;0
1018;57769;864;0;68.38145214639466;6147;29622;14467;7780;4405;1495;0;0;0
1019;58457;949;0;67.25014079549454;6146;29982;14630;7878;4449;1518;0;0;0
1020;59050;920;0;66.40878043693623;6157;30371;14698;7937;4487;1557;0;0;0
1021;59402;926;0;65.77018099236116;6149;30510;14805;7977;4538;1572;0;0;0
1022;59430;918;0;65.45511592914302;6145;30484;14835;7967;4568;1576;0;0;0
1023;59185;942;0;65.4690876761045;6141;30328;14784;7971;4553;1549;0;0;0
1024;58750;1013;0;65.8200508835866;6135;30095;14670;7911;4539;1535;0;0;0
1025;58264;909;0;66.28597361733027;6128;29817;14558;7875;4503;1511;0;0;0
1026;57765;806;0;66.85049949528351;6122;29540;14437;7830;4469;1489;0;0;0
1027;57103;885;0;67.58808016877637;6116;29126;14310;7793;4422;1452;0;0;0
1028;56546;767;0;68.40664938937802;6112;28796;14168;7756;4397;1429;0;0;0
1029;55997;871;0;69.21970363718006;6106;28491;14040;7714;4358;1394;0;0;0
1030;55672;795;0;69.87150827868555;6098;28314;13972;7664;4354;1368;0;0;0
1031;55512;787;0;70.29288512343992;6094;28226;13933;7669;4332;1352;0;0;0
1032;55555;843;0;70.56554903144378;6139;28241;13950;7669;4334;1361;0;0;0
1033;56008;792;0;70.45633000383471;6142;28575;14017;7668;4365;1383;0;0;0
1034;56587;871;0;69.95320746504163;6147;28889;14186;7712;4378;1422;0;0;0
1035;57296;841;0;69.219746708284;6146;29278;14325;7788;4439;1466;0;0;0
1036;58036;884;0;68.390094306176;6142;29659;14489;7850;4518;1520;0;0;0
1037;58684;938;0;67.60310343619742;6142;29924;14748;7887;4550;1575;0;0;0
1038;59134;962;0;66.86776272478431;6152;30196;14821;7953;4551;1613;0;0;0
1039;59309;895;0;66.32914370095641;6149;30252;14913;7957;4571;1616;0;0;0
